A=[0 0 1 0; 0 0 0 1; -2.517 0 -10.915 0; 0 0 0 0];
B=[0 0; 0 0; 21.83 0; 0 1.236];
C=[1 0 0 0; 0 1 0 0; 0 0 1 0; 0 0 0 1];
D=[0 0; 0 0; 0 0; 0 0];